eps NewtonSINBH AGDSDAJBH AGDSDAJ SBBDual DykstraAPM AndersonAPM reachNewtonSINBH reachAGDSDAJBH reachAGDSDAJ reachSBBDual reachDykstraAPM reachAndersonAPM
1.000e-01 2 3 3 4 6 3 270 270 270 270 270 270
3.162e-02 2 4 4 6 11 4 270 270 270 270 270 270
1.000e-02 3 6 6 8 15 5 270 270 270 270 270 270
3.162e-03 3 7 7 10 19 7 270 270 270 270 270 270
1.000e-03 3 9 9 12 24 8 270 270 270 270 270 270
3.162e-04 3 12 12 14 29 10 270 270 270 270 270 270
1.000e-04 4 14 14 16 33.5 11 270 270 270 270 270 270
3.162e-05 4 17.5 17.5 18 38.5 12 270 270 270 270 270 270
1.000e-05 4 21 21 20.5 43 14 270 270 270 270 270 270
3.162e-06 4 25 25 22.5 48.5 16 270 270 270 270 270 270
1.000e-06 4 28 28 24.5 53.5 18 270 270 270 270 270 270
3.162e-07 4 30 30.5 27 59 19 270 270 270 270 270 270
1.000e-07 4 35 35.5 29.5 64.5 21 270 270 268 270 270 270
3.162e-08 4 40 43 31.5 69.5 23 270 270 265 270 270 270
1.000e-08 5 45 50 34 74.5 24 270 270 264 270 270 270
3.162e-09 5 50 55 36.5 80 26 270 270 261 270 270 270
1.000e-09 5 54 60 38.5 85.5 28 270 270 260 270 270 270
3.162e-10 5 59 67 41 90.5 30 270 270 255 270 270 270
1.000e-10 5 63.5 72 43.5 95.5 32 270 270 253 270 270 270
