x y ratio
0 0 3.8750
1 0 4.1333
2 0 4.8750
3 0 4.6232
4 0 4.5417
5 0 5.6610

0 1 5.4444
1 1 4.5370
2 1 4.2542
3 1 5.1887
4 1 4.6562
5 1 5.5690

0 2 2.7385
1 2 3.0690
2 2 3.0167
3 2 3.4677
4 2 4.6727
5 2 4.9516

0 3 1.8140
1 3 2.2286
2 3 1.8140
3 3 1.8810
4 3 2.2222
5 3 1.8837

0 4 1.3333
1 4 1.3333
2 4 1.3269
3 4 1.3273
4 4 1.4902
5 4 1.8605

0 5 1.0426
1 5 0.9423
2 5 0.9444
3 5 1.0536
4 5 1.4468
5 5 1.5714

0 6 1.2857
1 6 1.2857
2 6 1.2273
3 6 1.1739
4 6 1.3500
5 6 1.0000

0 7 0.8333
1 7 0.8929
2 7 0.8929
3 7 0.8667
4 7 0.8387
5 7 0.9310

0 8 0.5806
1 8 0.5806
2 8 0.5938
3 8 0.7778
4 8 0.8000
5 8 0.7429

