x y ratio
0 0 1.9125
1 0 2.0400
2 0 2.4062
3 0 2.2754
4 0 2.2361
5 0 2.7966

0 1 2.6667
1 1 2.2222
2 1 2.0847
3 1 2.5472
4 1 2.2969
5 1 2.7414

0 2 1.3385
1 2 1.5000
2 2 1.4667
3 2 1.6935
4 2 2.2909
5 2 2.4355

0 3 0.8372
1 3 1.0286
2 3 0.8372
3 3 0.8571
4 3 1.0278
5 3 0.8605

0 4 0.5882
1 4 0.5882
2 4 0.5962
3 4 0.6000
4 4 0.6863
5 4 0.8372

0 5 0.4468
1 5 0.4038
2 5 0.4074
3 5 0.4643
4 5 0.6383
5 5 0.7143

0 6 0.4762
1 6 0.4762
2 6 0.4545
3 6 0.4348
4 6 0.5500
5 6 0.4444

0 7 0.4000
1 7 0.4286
2 7 0.4286
3 7 0.4000
4 7 0.3548
5 7 0.4138

0 8 0.3548
1 8 0.3548
2 8 0.3438
3 8 0.4074
4 8 0.4000
5 8 0.3143

